world: world
x: 12348.388111594637
y: 145.0
z: 12414.586066107677
yaw: 179.54608
pitch: 25.19926
name: CTF
lastowner: 6215f9e2-c894-4a22-81b6-cc672cbf5944
