world: world
x: 1899.5805927750243
y: 36.0
z: 704.116451830873
yaw: 93.65326
pitch: 6.2916546
name: fish
lastowner: fc904ad1-6cfc-4e61-af17-3f9558b3b306
