world: world
x: 12326.823299049789
y: 63.5
z: 12279.31740441488
yaw: -269.23196
pitch: -0.60000896
name: Nimbus
lastowner: f0309ecf-2ea9-4a90-bc15-315692d2fbc1
