world: world
x: 318.689067846973
y: 66.0
z: 6295.894440715292
yaw: -180.1518
pitch: 1.6769179
name: peace
lastowner: 6215f9e2-c894-4a22-81b6-cc672cbf5944
