world: world
x: 716.498112216759
y: 68.5
z: 6.803651214110987
yaw: 180.27608
pitch: 27.900986
name: ravine
lastowner: fc904ad1-6cfc-4e61-af17-3f9558b3b306
