world: world
x: 879.427283978637
y: 66.0
z: 202.51403108589537
yaw: -90.164
pitch: 2.9997828
name: Stadium
lastowner: 685f4b14-0c04-4aad-b79f-38fb79574553
