world: world
x: 748.5062329465152
y: 114.0
z: -10121.480493213523
yaw: -275.336
pitch: 35.390385
name: STC
lastowner: 31805556-9d0f-48cc-a4e5-cafae48a6308
