world: world
x: 794.5
y: 90.75592610528413
z: -10135.5
yaw: -251.24738
pitch: 39.053925
name: STCVamps
lastowner: 31805556-9d0f-48cc-a4e5-cafae48a6308
