world: world
x: 754.9261000505114
y: 59.23931567296036
z: -10051.041457483056
yaw: -40.65381
pitch: 17.767305
name: STCWolfs
lastowner: 31805556-9d0f-48cc-a4e5-cafae48a6308
