world: world
x: 678.1038269842046
y: 67.5
z: 182.2475111534227
yaw: 133.10416
pitch: -9.729241
name: Tortuga
lastowner: fc904ad1-6cfc-4e61-af17-3f9558b3b306
