world: world
x: 675.0992560637447
y: 67.0625
z: 42.226324438759235
yaw: -272.44885
pitch: -10.059973
name: townhall
lastowner: fc904ad1-6cfc-4e61-af17-3f9558b3b306
