world: world
x: 746.2260879629409
y: 69.0
z: 106.75268006678819
yaw: -139.89583
pitch: 10.350002
name: venice
lastowner: fc904ad1-6cfc-4e61-af17-3f9558b3b306
